[47838.684717] [Project1] 57063 1588154392.758050632 1588154393.466353149
[47840.108356] [Project1] 57064 1588154394.189644647 1588154394.889998251
[47841.534987] [Project1] 57065 1588154395.619608615 1588154396.316622119
[47842.943312] [Project1] 57066 1588154397.019144479 1588154397.724966166
[47844.291208] [Project1] 57067 1588154398.396780545 1588154399.072867800
[47845.721199] [Project1] 57068 1588154399.781531319 1588154400.502865254
[47847.109637] [Project1] 57069 1588154401.210122898 1588154401.891309188
[47848.520557] [Project1] 57070 1588154402.594281483 1588154403.302235071
[47849.883224] [Project1] 57071 1588154403.966357017 1588154404.664908935
[47851.266913] [Project1] 57072 1588154405.362256146 1588154406.048603529
